4, Fizzy
